0.258108362954906 0.0721532294882253 0.00042587263557054
-0.332242490438218 0.0696492237902587 3.32483312168401e-06
0.258108362954906 0.0721532294882253 0.00042587263557054
-0.332242490438218 0.0696492237902587 3.32483312168401e-06
0.258108362954906 0.0721532294882253 0.00042587263557054
-0.332242490438218 0.0696492237902587 3.32483312168401e-06
0.258108362954906 0.0721532294882253 0.00042587263557054
-0.332242490438218 0.0696492237902587 3.32483312168401e-06
0.258108362954906 0.0721532294882253 0.00042587263557054
-0.332242490438218 0.0696492237902587 3.32483312168401e-06
0.258108362954906 0.0721532294882253 0.00042587263557054
-0.332242490438218 0.0696492237902587 3.32483312168401e-06
