0.427115637969507 0.0925552995348791 6.52849865252907e-06
-0.259448657323371 0.0926082713770901 0.00551669162590129
0.427115637969507 0.0925552995348791 6.52849865252907e-06
-0.259448657323371 0.0926082713770901 0.00551669162590129
0.427115637969507 0.0925552995348791 6.52849865252907e-06
-0.259448657323371 0.0926082713770901 0.00551669162590129
0.427115637969507 0.0925552995348791 6.52849865252907e-06
-0.259448657323371 0.0926082713770901 0.00551669162590129
0.427115637969507 0.0925552995348791 6.52849865252907e-06
-0.259448657323371 0.0926082713770901 0.00551669162590129
0.427115637969507 0.0925552995348791 6.52849865252907e-06
-0.259448657323371 0.0926082713770901 0.00551669162590129
