0.384177749294084 0.0662997315311868 2.67993245340816e-08
-0.267497138623971 0.0595098516515896 1.18556659502354e-05
0.384177749294084 0.0662997315311868 2.67993245340816e-08
-0.267497138623971 0.0595098516515896 1.18556659502354e-05
0.384177749294084 0.0662997315311868 2.67993245340816e-08
-0.267497138623971 0.0595098516515896 1.18556659502354e-05
0.384177749294084 0.0662997315311868 2.67993245340816e-08
-0.267497138623971 0.0595098516515896 1.18556659502354e-05
0.384177749294084 0.0662997315311868 2.67993245340816e-08
-0.267497138623971 0.0595098516515896 1.18556659502354e-05
0.384177749294084 0.0662997315311868 2.67993245340816e-08
-0.267497138623971 0.0595098516515896 1.18556659502354e-05
