0.0911075551708722 0.0311189809769839 0.00377180341214403
-0.403874220828906 0.0658445394258999 3.9149139641504e-09
0.0911075551708722 0.0311189809769839 0.00377180341214403
-0.403874220828906 0.0658445394258999 3.9149139641504e-09
0.0911075551708722 0.0311189809769839 0.00377180341214403
-0.403874220828906 0.0658445394258999 3.9149139641504e-09
0.0911075551708722 0.0311189809769839 0.00377180341214403
-0.403874220828906 0.0658445394258999 3.9149139641504e-09
0.0911075551708722 0.0311189809769839 0.00377180341214403
-0.403874220828906 0.0658445394258999 3.9149139641504e-09
0.0911075551708722 0.0311189809769839 0.00377180341214403
-0.403874220828906 0.0658445394258999 3.9149139641504e-09
