0.126153952067394 0.0385133615752333 0.00121944201859381
-0.372432462035387 0.0842679742122052 1.53223065223289e-05
0.126153952067394 0.0385133615752333 0.00121944201859381
-0.372432462035387 0.0842679742122052 1.53223065223289e-05
0.126153952067394 0.0385133615752333 0.00121944201859381
-0.372432462035387 0.0842679742122052 1.53223065223289e-05
0.126153952067394 0.0385133615752333 0.00121944201859381
-0.372432462035387 0.0842679742122052 1.53223065223289e-05
0.126153952067394 0.0385133615752333 0.00121944201859381
-0.372432462035387 0.0842679742122052 1.53223065223289e-05
0.126153952067394 0.0385133615752333 0.00121944201859381
-0.372432462035387 0.0842679742122052 1.53223065223289e-05
