0.0806587533388766 0.0262333603651021 0.00241449231398434
-0.35007901491849 0.0532820495107329 4.60089349650635e-10
0.0817455622043803 0.0264748943780005 0.00231455145339813
-0.356074800971888 0.0537091754564782 3.28534243889398e-10
0.0817455622043803 0.0264748943780005 0.00231455145339813
-0.356074800971888 0.0537091754564782 3.28534243889398e-10
0.0817455622043803 0.0264748943780005 0.00231455145339813
-0.356074800971888 0.0537091754564782 3.28534243889398e-10
0.0817455622043803 0.0264748943780005 0.00231455145339813
-0.356074800971888 0.0537091754564782 3.28534243889398e-10
0.0817455622043803 0.0264748943780005 0.00231455145339813
-0.356074800971888 0.0537091754564782 3.28534243889398e-10
