0.222029985102818 0.0541098236739768 5.90610199000694e-05
0.0866288393360215 0.0538964644905347 0.109546234915476
0.222029985102818 0.0541098236739768 5.90610199000694e-05
0.0866288393360215 0.0538964644905347 0.109546234915476
0.222029985102818 0.0541098236739768 5.90610199000694e-05
0.0866288393360215 0.0538964644905347 0.109546234915476
0.222029985102818 0.0541098236739768 5.90610199000694e-05
0.0866288393360215 0.0538964644905347 0.109546234915476
0.222029985102818 0.0541098236739768 5.90610199000694e-05
0.0866288393360215 0.0538964644905347 0.109546234915476
0.222029985102818 0.0541098236739768 5.90610199000694e-05
0.0866288393360215 0.0538964644905347 0.109546234915476
