0.184779673263528 0.0729494719619366 0.0119730296743855
0.0208056887139886 0.0729124227760244 0.77563034525934
0.184779673263528 0.0729494719619366 0.0119730296743855
0.0208056887139886 0.0729124227760244 0.77563034525934
0.184779673263528 0.0729494719619366 0.0119730296743855
0.0208056887139886 0.0729124227760244 0.77563034525934
0.184779673263528 0.0729494719619366 0.0119730296743855
0.0208056887139886 0.0729124227760244 0.77563034525934
0.184779673263528 0.0729494719619366 0.0119730296743855
0.0208056887139886 0.0729124227760244 0.77563034525934
0.184779673263528 0.0729494719619366 0.0119730296743855
0.0208056887139886 0.0729124227760244 0.77563034525934
