0.175729485002683 0.0629532460479767 0.00570270660486041
0.00566241113529812 0.0624147363597069 0.92779465239229
0.175729485002683 0.0629532460479767 0.00570270660486041
0.00566241113529812 0.0624147363597069 0.92779465239229
0.175729485002683 0.0629532460479767 0.00570270660486041
0.00566241113529812 0.0624147363597069 0.92779465239229
0.175729485002683 0.0629532460479767 0.00570270660486041
0.00566241113529812 0.0624147363597069 0.92779465239229
0.175729485002683 0.0629532460479767 0.00570270660486041
0.00566241113529812 0.0624147363597069 0.92779465239229
0.175729485002683 0.0629532460479767 0.00570270660486041
0.00566241113529812 0.0624147363597069 0.92779465239229
