-0.00505745070854975 0.0344821414144993 0.883523701125933
0.213813079984725 0.0753737078313368 0.00497030380138355
-0.00505745070854975 0.0344821414144993 0.883523701125933
0.213813079984725 0.0753737078313368 0.00497030380138355
-0.00505745070854975 0.0344821414144993 0.883523701125933
0.213813079984725 0.0753737078313368 0.00497030380138355
-0.00505745070854975 0.0344821414144993 0.883523701125933
0.213813079984725 0.0753737078313368 0.00497030380138355
-0.00505745070854975 0.0344821414144993 0.883523701125933
0.213813079984725 0.0753737078313368 0.00497030380138355
-0.00505745070854975 0.0344821414144993 0.883523701125933
0.213813079984725 0.0753737078313368 0.00497030380138355
