-0.00533288850887693 0.0284100344381292 0.851277461383811
0.175995684743045 0.0634102694917159 0.00599047632684238
-0.00533288850887693 0.0284100344381292 0.851277461383811
0.175995684743045 0.0634102694917159 0.00599047632684238
-0.00533288850887693 0.0284100344381292 0.851277461383811
0.175995684743045 0.0634102694917159 0.00599047632684238
-0.00533288850887693 0.0284100344381292 0.851277461383811
0.175995684743045 0.0634102694917159 0.00599047632684238
-0.00533288850887693 0.0284100344381292 0.851277461383811
0.175995684743045 0.0634102694917159 0.00599047632684238
-0.00533288850887693 0.0284100344381292 0.851277461383811
0.175995684743045 0.0634102694917159 0.00599047632684238
