-0.0118417023778578 0.0243822091028198 0.627749369509903
0.191463393562303 0.0526805481791499 0.000356760800147433
-0.0118417023778578 0.0243822091028198 0.627749369509903
0.191463393562303 0.0526805481791499 0.000356760800147433
-0.0118417023778578 0.0243822091028198 0.627749369509903
0.191463393562303 0.0526805481791499 0.000356760800147433
-0.0118417023778578 0.0243822091028198 0.627749369509903
0.191463393562303 0.0526805481791499 0.000356760800147433
-0.0118417023778578 0.0243822091028198 0.627749369509903
0.191463393562303 0.0526805481791499 0.000356760800147433
-0.0118417023778578 0.0243822091028198 0.627749369509903
0.191463393562303 0.0526805481791499 0.000356760800147433
