-0.0534831574132074 0.0588769716322104 0.364782975560639
0.201582037137126 0.0595597636345947 0.00086034551900728
-0.0534831574132074 0.0588769716322104 0.364782975560639
0.201582037137126 0.0595597636345947 0.00086034551900728
-0.0534831574132074 0.0588769716322104 0.364782975560639
0.201582037137126 0.0595597636345947 0.00086034551900728
-0.0534831574132074 0.0588769716322104 0.364782975560639
0.201582037137126 0.0595597636345947 0.00086034551900728
-0.0534831574132074 0.0588769716322104 0.364782975560639
0.201582037137126 0.0595597636345947 0.00086034551900728
-0.0534831574132074 0.0588769716322104 0.364782975560639
0.201582037137126 0.0595597636345947 0.00086034551900728
