-0.0485566744032059 0.0845899709630861 0.566510053753324
0.224477165237872 0.084332248072676 0.00831779998141133
-0.0485566744032059 0.0845899709630861 0.566510053753324
0.224477165237872 0.084332248072676 0.00831779998141133
-0.0485566744032059 0.0845899709630861 0.566510053753324
0.224477165237872 0.084332248072676 0.00831779998141133
-0.0485566744032059 0.0845899709630861 0.566510053753324
0.224477165237872 0.084332248072676 0.00831779998141133
-0.0485566744032059 0.0845899709630861 0.566510053753324
0.224477165237872 0.084332248072676 0.00831779998141133
-0.0485566744032059 0.0845899709630861 0.566510053753324
0.224477165237872 0.084332248072676 0.00831779998141133
