-0.0312243198367044 0.0693574044241123 0.653011523881747
0.18359261208573 0.0700516046732481 0.00938071066991199
-0.0312243198367044 0.0693574044241123 0.653011523881747
0.18359261208573 0.0700516046732481 0.00938071066991199
-0.0312243198367044 0.0693574044241123 0.653011523881747
0.18359261208573 0.0700516046732481 0.00938071066991199
-0.0312243198367044 0.0693574044241123 0.653011523881747
0.18359261208573 0.0700516046732481 0.00938071066991199
-0.0312243198367044 0.0693574044241123 0.653011523881747
0.18359261208573 0.0700516046732481 0.00938071066991199
-0.0312243198367044 0.0693574044241123 0.653011523881747
0.18359261208573 0.0700516046732481 0.00938071066991199
