0.058986647206869 0.028897342199381 0.0423829813784607
-0.0200963003033441 0.0632287453486801 0.750902378510544
0.058986647206869 0.028897342199381 0.0423829813784607
-0.0200963003033441 0.0632287453486801 0.750902378510544
0.058986647206869 0.028897342199381 0.0423829813784607
-0.0200963003033441 0.0632287453486801 0.750902378510544
0.058986647206869 0.028897342199381 0.0423829813784607
-0.0200963003033441 0.0632287453486801 0.750902378510544
0.058986647206869 0.028897342199381 0.0423829813784607
-0.0200963003033441 0.0632287453486801 0.750902378510544
0.058986647206869 0.028897342199381 0.0423829813784607
-0.0200963003033441 0.0632287453486801 0.750902378510544
