0.0565250810927689 0.0261258646583865 0.0315701086917014
-0.0225168424934711 0.0576946098383075 0.696708104036409
0.0565250810927689 0.0261258646583865 0.0315701086917014
-0.0225168424934711 0.0576946098383075 0.696708104036409
0.0565250810927689 0.0261258646583865 0.0315701086917014
-0.0225168424934711 0.0576946098383075 0.696708104036409
0.0565250810927689 0.0261258646583865 0.0315701086917014
-0.0225168424934711 0.0576946098383075 0.696708104036409
0.0565250810927689 0.0261258646583865 0.0315701086917014
-0.0225168424934711 0.0576946098383075 0.696708104036409
0.0565250810927689 0.0261258646583865 0.0315701086917014
-0.0225168424934711 0.0576946098383075 0.696708104036409
