0.0620200135916637 0.0229960220229912 0.00759394606286092
0.0540601840171764 0.0489683247766907 0.270927108173159
0.0620200135916637 0.0229960220229912 0.00759394606286092
0.0540601840171764 0.0489683247766907 0.270927108173159
0.0620200135916637 0.0229960220229912 0.00759394606286092
0.0540601840171764 0.0489683247766907 0.270927108173159
0.0620200135916637 0.0229960220229912 0.00759394606286092
0.0540601840171764 0.0489683247766907 0.270927108173159
0.0620200135916637 0.0229960220229912 0.00759394606286092
0.0540601840171764 0.0489683247766907 0.270927108173159
0.0620200135916637 0.0229960220229912 0.00759394606286092
0.0540601840171764 0.0489683247766907 0.270927108173159
