0.382243476157055 0.0703572930336063 1.40367560450474e-07
-0.294670773586729 0.0704103032306448 4.053541135933e-05
0.382243476157055 0.0703572930336063 1.40367560450474e-07
-0.294670773586729 0.0704103032306448 4.053541135933e-05
0.382243476157055 0.0703572930336063 1.40367560450474e-07
-0.294670773586729 0.0704103032306448 4.053541135933e-05
0.382243476157055 0.0703572930336063 1.40367560450474e-07
-0.294670773586729 0.0704103032306448 4.053541135933e-05
0.382243476157055 0.0703572930336063 1.40367560450474e-07
-0.294670773586729 0.0704103032306448 4.053541135933e-05
0.382243476157055 0.0703572930336063 1.40367560450474e-07
-0.294670773586729 0.0704103032306448 4.053541135933e-05
