0.361693725721276 0.0563605965190171 9.43003786756567e-10
-0.28170209503111 0.052420906624774 2.0856951604197e-07
0.361693725721276 0.0563605965190171 9.43003786756567e-10
-0.28170209503111 0.052420906624774 2.0856951604197e-07
0.361693725721276 0.0563605965190171 9.43003786756567e-10
-0.28170209503111 0.052420906624774 2.0856951604197e-07
0.361693725721276 0.0563605965190171 9.43003786756567e-10
-0.28170209503111 0.052420906624774 2.0856951604197e-07
0.361693725721276 0.0563605965190171 9.43003786756567e-10
-0.28170209503111 0.052420906624774 2.0856951604197e-07
0.361693725721276 0.0563605965190171 9.43003786756567e-10
-0.28170209503111 0.052420906624774 2.0856951604197e-07
