0.2336539364617 0.063693097693101 0.000304672341819005
-0.368016097264862 0.0619926124063672 1.09331640840974e-08
0.2336539364617 0.063693097693101 0.000304672341819005
-0.368016097264862 0.0619926124063672 1.09331640840974e-08
0.2336539364617 0.063693097693101 0.000304672341819005
-0.368016097264862 0.0619926124063672 1.09331640840974e-08
0.2336539364617 0.063693097693101 0.000304672341819005
-0.368016097264862 0.0619926124063672 1.09331640840974e-08
0.2336539364617 0.063693097693101 0.000304672341819005
-0.368016097264862 0.0619926124063672 1.09331640840974e-08
0.2336539364617 0.063693097693101 0.000304672341819005
-0.368016097264862 0.0619926124063672 1.09331640840974e-08
