0.102182649746135 0.0228494869054433 1.28261081943852e-05
-0.381795168312979 0.0477967664737065 9.73964604760131e-14
0.102182649746135 0.0228494869054433 1.28261081943852e-05
-0.381795168312979 0.0477967664737065 9.73964604760131e-14
0.102182649746135 0.0228494869054433 1.28261081943852e-05
-0.381795168312979 0.0477967664737065 9.73964604760131e-14
0.102182649746135 0.0228494869054433 1.28261081943852e-05
-0.381795168312979 0.0477967664737065 9.73964604760131e-14
0.102182649746135 0.0228494869054433 1.28261081943852e-05
-0.381795168312979 0.0477967664737065 9.73964604760131e-14
0.102182649746135 0.0228494869054433 1.28261081943852e-05
-0.381795168312979 0.0477967664737065 9.73964604760131e-14
