0.101781287659063 0.0284125497676888 0.000416723275837603
-0.369126811933854 0.0620678225859848 1.02236456028016e-08
0.101781287659063 0.0284125497676888 0.000416723275837603
-0.369126811933854 0.0620678225859848 1.02236456028016e-08
0.101781287659063 0.0284125497676888 0.000416723275837603
-0.369126811933854 0.0620678225859848 1.02236456028016e-08
0.101781287659063 0.0284125497676888 0.000416723275837603
-0.369126811933854 0.0620678225859848 1.02236456028016e-08
0.101781287659063 0.0284125497676888 0.000416723275837603
-0.369126811933854 0.0620678225859848 1.02236456028016e-08
0.101781287659063 0.0284125497676888 0.000416723275837603
-0.369126811933854 0.0620678225859848 1.02236456028016e-08
