0.0814241155692085 0.025914558814765 0.00190544603581789
-0.38508475619159 0.0566417208337974 9.54794261697781e-11
0.0814241155692085 0.025914558814765 0.00190544603581789
-0.38508475619159 0.0566417208337974 9.54794261697781e-11
0.0814241155692085 0.025914558814765 0.00190544603581789
-0.38508475619159 0.0566417208337974 9.54794261697781e-11
0.0814241155692085 0.025914558814765 0.00190544603581789
-0.38508475619159 0.0566417208337974 9.54794261697781e-11
0.0814241155692085 0.025914558814765 0.00190544603581789
-0.38508475619159 0.0566417208337974 9.54794261697781e-11
0.0814241155692085 0.025914558814765 0.00190544603581789
-0.38508475619159 0.0566417208337974 9.54794261697781e-11
