0.0866686231734447 0.0423844724188212 0.0420263040639605
-0.227198624989093 0.0924197250037186 0.0147066951617503
0.0866686231734447 0.0423844724188212 0.0420263040639605
-0.227198624989093 0.0924197250037186 0.0147066951617503
0.0866686231734447 0.0423844724188212 0.0420263040639605
-0.227198624989093 0.0924197250037186 0.0147066951617503
0.0866686231734447 0.0423844724188212 0.0420263040639605
-0.227198624989093 0.0924197250037186 0.0147066951617503
0.0866686231734447 0.0423844724188212 0.0420263040639605
-0.227198624989093 0.0924197250037186 0.0147066951617503
0.0866686231734447 0.0423844724188212 0.0420263040639605
-0.227198624989093 0.0924197250037186 0.0147066951617503
