0.0589633141659058 0.0311135858977315 0.0594400349723724
-0.269673034741223 0.0658178468531608 5.95093398691527e-05
0.0589633141659058 0.0311135858977315 0.0594400349723724
-0.269673034741223 0.0658178468531608 5.95093398691527e-05
0.0589633141659058 0.0311135858977315 0.0594400349723724
-0.269673034741223 0.0658178468531608 5.95093398691527e-05
0.0589633141659058 0.0311135858977315 0.0594400349723724
-0.269673034741223 0.0658178468531608 5.95093398691527e-05
0.0589633141659058 0.0311135858977315 0.0594400349723724
-0.269673034741223 0.0658178468531608 5.95093398691527e-05
0.0589633141659058 0.0311135858977315 0.0594400349723724
-0.269673034741223 0.0658178468531608 5.95093398691527e-05
