0.0496511944484459 0.0276446257344475 0.0740584312891185
-0.265890865041911 0.0570284276097231 5.83921099483809e-06
0.0496511944484459 0.0276446257344475 0.0740584312891185
-0.265890865041911 0.0570284276097231 5.83921099483809e-06
0.0496511944484459 0.0276446257344475 0.0740584312891185
-0.265890865041911 0.0570284276097231 5.83921099483809e-06
0.0496511944484459 0.0276446257344475 0.0740584312891185
-0.265890865041911 0.0570284276097231 5.83921099483809e-06
0.0496511944484459 0.0276446257344475 0.0740584312891185
-0.265890865041911 0.0570284276097231 5.83921099483809e-06
0.0496511944484459 0.0276446257344475 0.0740584312891185
-0.265890865041911 0.0570284276097231 5.83921099483809e-06
