0.0599779007968617 0.026886736582902 0.0266749801351403
-0.189867210378891 0.0587089533878028 0.00140226210765289
0.0599779007968617 0.026886736582902 0.0266749801351403
-0.189867210378891 0.0587089533878028 0.00140226210765289
0.0599779007968617 0.026886736582902 0.0266749801351403
-0.189867210378891 0.0587089533878028 0.00140226210765289
0.0599779007968617 0.026886736582902 0.0266749801351403
-0.189867210378891 0.0587089533878028 0.00140226210765289
0.0599779007968617 0.026886736582902 0.0266749801351403
-0.189867210378891 0.0587089533878028 0.00140226210765289
0.0599779007968617 0.026886736582902 0.0266749801351403
-0.189867210378891 0.0587089533878028 0.00140226210765289
