0.0862052230852309 0.0221005251731393 0.000130055590005803
-0.146507341271172 0.0482329843127523 0.00269557258698143
0.0862052230852309 0.0221005251731393 0.000130055590005803
-0.146507341271172 0.0482329843127523 0.00269557258698143
0.0862052230852309 0.0221005251731393 0.000130055590005803
-0.146507341271172 0.0482329843127523 0.00269557258698143
0.0862052230852309 0.0221005251731393 0.000130055590005803
-0.146507341271172 0.0482329843127523 0.00269557258698143
0.0862052230852309 0.0221005251731393 0.000130055590005803
-0.146507341271172 0.0482329843127523 0.00269557258698143
0.0862052230852309 0.0221005251731393 0.000130055590005803
-0.146507341271172 0.0482329843127523 0.00269557258698143
