0.0603734521217241 0.0261779379387047 0.0220054911043728
-0.205006497981194 0.0569711123229846 0.000393673702963875
0.0603734521217241 0.0261779379387047 0.0220054911043728
-0.205006497981194 0.0569711123229846 0.000393673702963875
0.0603734521217241 0.0261779379387047 0.0220054911043728
-0.205006497981194 0.0569711123229846 0.000393673702963875
0.0603734521217241 0.0261779379387047 0.0220054911043728
-0.205006497981194 0.0569711123229846 0.000393673702963875
0.0603734521217241 0.0261779379387047 0.0220054911043728
-0.205006497981194 0.0569711123229846 0.000393673702963875
0.0603734521217241 0.0261779379387047 0.0220054911043728
-0.205006497981194 0.0569711123229846 0.000393673702963875
