0.25854880384334 0.0638213120048011 6.99050165457097e-05
-0.163503615583802 0.0631939544066448 0.0102930290945777
0.25854880384334 0.0638213120048011 6.99050165457097e-05
-0.163503615583802 0.0631939544066448 0.0102930290945777
0.25854880384334 0.0638213120048011 6.99050165457097e-05
-0.163503615583802 0.0631939544066448 0.0102930290945777
0.25854880384334 0.0638213120048011 6.99050165457097e-05
-0.163503615583802 0.0631939544066448 0.0102930290945777
0.25854880384334 0.0638213120048011 6.99050165457097e-05
-0.163503615583802 0.0631939544066448 0.0102930290945777
0.25854880384334 0.0638213120048011 6.99050165457097e-05
-0.163503615583802 0.0631939544066448 0.0102930290945777
