0.29134553798205 0.0566818420746533 6.27231401259792e-07
-0.122762073316746 0.0563742678485539 0.0305481651669355
0.29134553798205 0.0566818420746533 6.27231401259792e-07
-0.122762073316746 0.0563742678485539 0.0305481651669355
0.29134553798205 0.0566818420746533 6.27231401259792e-07
-0.122762073316746 0.0563742678485539 0.0305481651669355
0.29134553798205 0.0566818420746533 6.27231401259792e-07
-0.122762073316746 0.0563742678485539 0.0305481651669355
0.29134553798205 0.0566818420746533 6.27231401259792e-07
-0.122762073316746 0.0563742678485539 0.0305481651669355
0.29134553798205 0.0566818420746533 6.27231401259792e-07
-0.122762073316746 0.0563742678485539 0.0305481651669355
