0.228958086273031 0.0663925846424105 0.000669699724169395
-0.158680039467828 0.0662746734634625 0.0174516216495383
0.228958086273031 0.0663925846424105 0.000669699724169395
-0.158680039467828 0.0662746734634625 0.0174516216495383
0.228958086273031 0.0663925846424105 0.000669699724169395
-0.158680039467828 0.0662746734634625 0.0174516216495383
0.228958086273031 0.0663925846424105 0.000669699724169395
-0.158680039467828 0.0662746734634625 0.0174516216495383
0.228958086273031 0.0663925846424105 0.000669699724169395
-0.158680039467828 0.0662746734634625 0.0174516216495383
0.228958086273031 0.0663925846424105 0.000669699724169395
-0.158680039467828 0.0662746734634625 0.0174516216495383
