0.273938802604451 0.101447817803513 0.00744066714428835
-0.127316063752946 0.10114499045999 0.209391948861565
0.273938802604451 0.101447817803513 0.00744066714428835
-0.127316063752946 0.10114499045999 0.209391948861565
0.273938802604451 0.101447817803513 0.00744066714428835
-0.127316063752946 0.10114499045999 0.209391948861565
0.273938802604451 0.101447817803513 0.00744066714428835
-0.127316063752946 0.10114499045999 0.209391948861565
0.273938802604451 0.101447817803513 0.00744066714428835
-0.127316063752946 0.10114499045999 0.209391948861565
0.273938802604451 0.101447817803513 0.00744066714428835
-0.127316063752946 0.10114499045999 0.209391948861565
