0.188507598014469 0.074777040897327 0.0124370482751561
-0.186307042071954 0.0708961723626879 0.00921691088224573
0.188507598014469 0.074777040897327 0.0124370482751561
-0.186307042071954 0.0708961723626879 0.00921691088224573
0.188507598014469 0.074777040897327 0.0124370482751561
-0.186307042071954 0.0708961723626879 0.00921691088224573
0.188507598014469 0.074777040897327 0.0124370482751561
-0.186307042071954 0.0708961723626879 0.00921691088224573
0.188507598014469 0.074777040897327 0.0124370482751561
-0.186307042071954 0.0708961723626879 0.00921691088224573
0.188507598014469 0.074777040897327 0.0124370482751561
-0.186307042071954 0.0708961723626879 0.00921691088224573
