0.188583775589355 0.0683606766191499 0.00636220942410688
-0.147893876818954 0.0617476795280036 0.0175705845495544
0.188583775589355 0.0683606766191499 0.00636220942410688
-0.147893876818954 0.0617476795280036 0.0175705845495544
0.188583775589355 0.0683606766191499 0.00636220942410688
-0.147893876818954 0.0617476795280036 0.0175705845495544
0.188583775589355 0.0683606766191499 0.00636220942410688
-0.147893876818954 0.0617476795280036 0.0175705845495544
0.188583775589355 0.0683606766191499 0.00636220942410688
-0.147893876818954 0.0617476795280036 0.0175705845495544
0.188583775589355 0.0683606766191499 0.00636220942410688
-0.147893876818954 0.0617476795280036 0.0175705845495544
